41990100130430250032
41908445515330003844
61208445515330250113
74808445515330003760
74808445515330003791
74808445515330003821
61211300406830225726
61211300406830225757
61211300406830225788
61211300406830375162
61211300406830375193
02393000021220000184
02393000021220000214
02393000021220025132
41992000070220000025
41992000070220100015
41992000070320000352
41992000070320100199
41992000070320225021
61292000070320000241
61292000070320000326
61292000070320050529
61292000070320100224
61292000070320100347
74892000070320100275
41992000070420000184
41992000070420050202
41992000070420050288
41992000070420225037
49092000070420000190
49092000070420076041
61292000070420000202
61292000070420050252
49092000070520000069
61292000070620000040
61292000070620025043
41992000070720025153
41992000070720100102
61292000070720025141
49092000070820025052
49092000070820075057
41992000071120000153
61292000071120000165
61292000071120000219
74892000071120000185
61292000071320025050
74892000071320000107
02393000021320050058
02393000021320200019
61292000071520000185
61292000071520050081
74892000071520000235
41992000071620025076
74892000071620025084
41992000071820075086
74892000071820050022
61292000071920000020
41990100130430000279
74890100130430250026
61208445515330003870
74808445515330003753
74808445515330003784
74808445515330003814
74808445515330003869
61211300406830225740
61211300406830225771
61211300406830375155
61211300406830375186
61211300406830375216
02393000021220000207
02393000021220025095
02393000021220250039
41992000070220050044
41992000070320000345
41992000070320050531
41992000070320225014
49092000070320100259
61292000070320000289
61292000070320000388
61292000070320100217
61292000070320100248
74892000070320050549
41992000070420000177
41992000070420050196
41992000070420050240
41992000070420076066
49092000070420000152
49092000070420050294
61292000070420000165
61292000070420050238
61292000070420225025
49092000070520025079
61292000070620025036
41992000070720025122
41992000070720100096
61292000070720025134
61292000070720100121
49092000070820075040
41992000071120000122
61292000071120000134
61292000071120000202
61292000071120075026
61292000071320000118
74892000071320000091
02393000021320050041
02393000021320075037
61292000071520000161
61292000071520050067
74892000071520000143
74892000071520050070
41992000071620050061
41992000071820050038
49092000071820075061
49092000071920025065
61292000072020050038
74808445515330003838
61211300406830225733
61211300406830225764
61211300406830225795
61211300406830375179
61211300406830375209
02393000021220000191
02393000021220025088
02393000021220250022
41992000070220025028
41992000070320000338
41992000070320050517
41992000070320100267
49092000070320000405
61292000070320000272
61292000070320000371
61292000070320100200
61292000070320100231
74892000070320000292
74892000070320225039
41992000070420000214
41992000070420050226
41992000070420076059
41992000070420225044
49092000070420050263
49092000070420225012
61292000070420000264
61292000070420076078
49092000070520000090
61292000070620000057
61292000070620025050
41992000070720050070
41992000070720150015
61292000070720100114
49092000070820025069
49092000070820125011
41992000071120025156
61292000071120000172
61292000071120000233
61292000071320000088
61292000071320025067
74892000071320025070
02393000021320050072
49092000071520050160
61292000071520000215
61292000071520050173
74892000071520050056
41992000071620025090
74892000071620100019
49092000071820025066
74892000071820075070
61292000072020025050
